-4403.38915045 4179.09942456 -5205.64070607 1623.78816274
-351.74416751 1386.58079124
-328.546975864 1412.54449387
-305.546476877 1449.13848561
-282.803013592 1487.35283491
-255.663878966 1517.61555771
-229.373585746 1552.14327888
-197.650913627 1588.24883641
-168.428775905 1623.78816274
-133.279809991 1603.97217627
-97.5785969907 1581.24206873
-63.3459633533 1547.70419943
-29.7337119666 1535.46213528
0.41294762298 1514.24994369
32.097939728 1489.6542291
61.864403984 1462.69231061
92.3553363402 1445.30223633
120.190455322 1422.93297609
148.438878998 1404.9300558
176.612197115 1382.26277597
203.306186265 1365.44748878
228.247667631 1341.47067233
252.644390405 1322.84026794
278.586951827 1307.1425172
304.099591752 1289.88797994
326.295352963 1270.26123008
351.146025428 1256.86971036
374.638116374 1236.22989135
400.040723825 1223.24830647
421.180311253 1207.13271657
441.806855498 1185.60712925
464.095778471 1166.03606651
487.869656572 1155.47663788
545.986927782 1098.82995713
568.410427758 1086.83569854
592.225688045 1074.61515643
613.954356231 1062.06196192
632.409273924 1041.53769027
657.869201036 1035.13784798
674.058184896 1013.57936338
702.217569332 1011.06453074
720.106580486 992.848811623
741.212220832 977.507036388
753.708928342 952.330353049
773.379567862 936.102081246
800.102942744 929.589980051
819.693944222 912.361818472
830.364199222 885.602222587
859.457218844 877.457321741
879.195399849 863.040815306
899.683444787 844.951336869
920.675513548 829.889660589
942.182546258 814.975528483
966.041637429 800.333558432
982.794936609 780.875582328
1005.87644188 767.92111162
1026.02470189 748.447266756
1051.56455483 734.178613838
1074.47860949 718.367571472
1093.13813372 698.503101715
1115.64647917 679.908216985
1141.05744355 664.611285281
1165.07824328 646.644366734
1190.11661201 628.224094027
1211.42161512 606.469482259
1238.37836063 589.43302072
1264.27898899 572.837357368
3357.65721972 1469.76037414
3388.40010124 1401.35659859
3458.41300571 1347.07525104
3527.84835864 1290.57282183
3634.62103904 1245.95945563
3777.79158179 1122.39554727
3847.0088309 1056.70871339
3961.61465372 1001.52303915
3990.54008616 920.142588539
4107.87438172 859.115025171
4179.09942456 783.984693495
2424.94227806 395.605798812
2412.01484345 340.999112868
2424.93761167 292.376178082
2443.16333087 243.321805799
2410.7953423 189.733708244
2378.84372189 136.382217767
2331.66895384 85.8804529279
2312.1587152 39.7281478962
2264.48576939 -8.02808868084
2235.54621822 -56.0996318834
2202.71371029 -100.385808355
2170.76416046 -143.468497105
2139.07906548 -187.145168615
2106.96652661 -227.843407297
2065.27203074 -267.315710426
2042.64128146 -308.122796599
2020.54154843 -347.759850421
2001.22465821 -386.733667889
1961.13453226 -421.885465963
1938.8406037 -458.210842244
1856.51366654 -481.747865522
1866.87134516 -524.863737676
1833.82436961 -556.830702676
1798.91514736 -587.758915372
1766.52580883 -617.979624844
1753.69590389 -653.500517735
1753.5304949 -695.710466693
1745.67825777 -735.384581599
1723.61269274 -766.838663237
1696.95958028 -798.641617305
1677.57727238 -832.984690862
1658.18144302 -866.64600733
1639.69821486 -899.569245071
1612.00078344 -928.931495969
1587.31517929 -958.474613173
1564.93894769 -990.388857969
1544.14807101 -1022.04931255
1522.55325827 -1054.38872136
1500.37478807 -1085.71612096
1476.45982448 -1115.11947754
1454.13046388 -1145.7011637
1431.61928477 -1176.86098839
1377.4292926 -1182.29484748
1365.48504135 -1222.09117984
1362.49261791 -1269.85043062
1306.66748397 -1270.12406828
1315.75003729 -1330.90724296
1279.92303467 -1350.96929104
1231.7073176 -1353.77699281
1205.33714266 -1378.96868076
1184.75444046 -1412.71758618
1128.03427198 -1594.28594714
1102.06204311 -1627.16526992
1000.16452582 -1774.55344278
906.819333196 -1872.19623957
821.626250471 -1998.98270804
795.560329846 -2054.06702035
752.734921917 -2069.87835085
725.723718485 -2130.27588223
693.053153493 -2177.36132198
661.572116723 -2235.66871078
624.133208596 -2281.9357573
585.178775159 -2328.0820542
544.632000985 -2373.82312599
507.118870777 -2438.06798785
467.981274951 -2505.92679239
423.987563872 -2559.36859561
381.58275503 -2631.7304504
332.52360443 -2683.97993705
285.293137339 -2757.78245621
230.526124034 -2792.75182726
180.136030268 -2893.39800418
124.239704536 -2975.90771796
62.9966942008 -3039.09714866
2.55929326101 -3128.24895309
-64.1034134624 -3219.61190439
-134.031888281 -3319.04481974
-208.614780965 -3426.15471384
-298.203629696 -3530.4282453
-384.326601366 -3647.05574758
-579.781654249 -3945.63014402
-687.052073857 -4085.12737841
-1672.60123813 -5205.64070607
-1719.32542369 -4993.28359774
-1851.25998846 -5039.20913489
-1957.11546673 -5000.39139592
-2026.2721748 -4876.80039305
-2092.96121842 -4753.09957693
-2463.30084537 -4770.00431815
-2672.8309322 -4655.8315109
-2866.38433286 -4537.45852393
-3641.06567142 -3583.92547027
-3858.55214418 -3348.64992954
-3992.98005487 -3320.92645679
-4198.76127835 -3347.33009874
-4336.72193387 -3320.1740814
-4403.38915045 -3228.69850748
-4396.50714488 -3085.62011394
-3865.08696017 -2145.20932319
-3663.78460166 -1935.27120648
-3612.26394016 -1810.858854
-3513.33299542 -1671.07196533
-3383.73650437 -1523.152268
-3298.17265353 -1403.17682777
-3220.40409759 -1288.88479342
-3145.81379631 -1184.00047358
-3097.83384086 -1092.24908191
-3003.25080631 -988.507793047
-2957.37245782 -904.159496855
-2870.10001151 -811.987368396
-2806.96269798 -731.649488913
-2767.06336291 -666.707888165
-2711.17581344 -594.075717923
-2656.97020851 -523.233514898
-2615.90055373 -459.782875918
-2563.84122111 -396.044511924
-2528.87543874 -337.143260133
-2476.09371521 -276.644471263
-2442.20594663 -221.720943386
-2397.69082773 -167.005822122
-2361.8698242 -116.676887274
-2318.81708185 -65.7830024797
-2294.43780171 -16.8944981476
-2251.8070657 29.4777692267
-1310.16766158 53.2659463969
-1295.64336366 78.1810348506
-1279.61905347 105.976780427
-1257.11224681 129.355562002
-1243.1607184 154.706143109
-1226.17806827 177.787358647
-1205.78912747 201.441877685
-1191.77405412 224.582204169
-1173.94206393 243.846325653
-1158.15862429 265.719143983
-1141.40626028 286.238207612
-1127.76268736 306.802678434
-1115.28734186 329.701600078
-1099.40019104 348.288361052
-1082.54902894 369.122828382
-1071.71943401 390.073973463
-1056.41222881 409.490174254
-1039.14535601 427.774463462
-1030.0724972 448.556463022
-1013.74246254 466.67142579
-999.897884777 485.996175416
-987.24797505 505.744004671
-972.075543509 523.34036507
-960.080772436 542.49651879
-921.385103248 546.466882814
-904.222901257 561.256632338
-893.919868799 579.82542042
-879.567585827 597.823646205
-867.900661866 615.503404647
-855.476262258 632.658173671
-842.379012866 650.404229063
-829.50994342 668.732759603
-821.965687467 689.711105194
-804.310968477 702.263432401
-794.575825362 723.325312533
-783.446803614 742.651570999
-768.628281281 761.534349334
-755.034653295 776.75815723
-744.959976287 798.435115542
-729.419311414 816.348596272
-716.443648108 834.690660716
-700.89773612 851.675621056
-686.193361789 869.944061556
-675.077321075 891.803151245
-659.283425994 910.032651453
-645.711724676 929.165549628
-632.146036426 951.681479609
-618.97270136 972.177476066
-606.848209714 999.440249773
-585.077704599 1011.4723573
-567.329098133 1032.10113696
-553.109181432 1054.77544217
-535.060099357 1129.69495444
-516.143550807 1149.98090635
-500.484978818 1177.28303669
-481.839328911 1202.02157265
-464.727675756 1230.67803969
-444.955408168 1257.60513864
-424.474996322 1280.21386495
-405.658514149 1312.75175486
-384.031745992 1339.27785787
-363.053683896 1366.85591234
-341.069225297 1402.11297104
-317.257363406 1429.21088905
-294.858248394 1465.63420175
-268.864008828 1500.85799037
-242.316986347 1529.92923958
-215.159195018 1571.33781244
-187.304136913 1612.65911162
-153.771606463 1615.44788079
-117.611346055 1594.41811762
-82.5424042684 1566.82728834
-48.7874499657 1541.72826228
-17.8648080584 1523.39525358
14.3384120378 1502.18157106
45.2275380637 1480.30924803
75.6670609086 1459.03923727
104.221415393 1434.21821791
132.734783086 1419.05568596
159.658149095 1397.91211291
185.621931137 1380.82948302
211.686531124 1358.10127109
237.870728915 1336.24289664
262.773587994 1317.29670308
289.055104414 1303.84331751
311.300718363 1284.31075396
336.163195377 1265.61627521
358.802961031 1248.72374753
384.628460261 1231.58678543
407.938107363 1215.89175117
430.54257506 1195.05989539
452.887496238 1179.81226399
473.902790538 1162.89475346
496.497109952 1150.43453521
558.345045487 1098.77525463
582.349078754 1090.21353435
599.283108546 1066.68271094
629.601339253 1068.85097353
643.164968183 1039.343007
682.883120722 1008.25874949
711.561902669 1004.51015857
724.048037173 978.494763586
741.725734823 960.113793673
764.703894179 948.025291977
783.424087662 932.614978901
811.907063213 925.293424112
847.170731475 889.325482729
866.009480695 871.696129306
888.330451196 858.319038573
906.430932244 838.813426854
927.920334246 823.665232842
948.508019741 808.761266683
971.543432185 792.459728869
991.426179488 777.202800513
